-24 -24 16 24 24 -16 -24 -24 16 24 
-24 16 -24 16 -24 16 24 -16 24 -16 
-24 16 -24 16 -24 16 24 -16 24 24 
-24 16 -24 16 24 -24 16 -16 24 -16 
-24 16 -24 16 24 -16 16 16 16 16 
-24 16 -24 16 24 -16 24 -16 -24 16 
-24 16 -24 16 24 24 -16 -24 -24 16 
-24 16 -24 16 24 24 -16 -24 16 -24 
-24 16 -24 16 24 24 -16 -16 -24 16 
-24 16 16 16 -16 24 -16 -16 -16 -16 
-24 16 16 16 16 16 16 24 -16 -16 
-24 16 16 16 24 -16 -16 -24 16 -24 
-24 16 24 -24 16 -24 16 24 -24 16 
-24 16 24 -16 -24 16 24 -16 -24 16 
-24 16 24 -16 -24 16 24 -16 -24 24 
-24 16 24 -16 -24 24 -16 -24 16 24 
-24 16 24 -16 -24 24 -16 -24 24 -16 
-24 16 24 -16 24 25 -24 20 -24 4 
-24 16 24 -16 24 25 -16 -24 -24 -17 
-24 16 24 24 -16 -16 24 24 -16 24 
-24 16 24 24 -16 24 -16 24 -16 24 
-24 24 -24 16 -16 16 16 24 -16 -16 
-24 24 -16 -24 16 16 16 -16 16 -16 
-24 24 -16 -24 16 24 -16 -24 16 24 
-24 24 -16 -24 24 -16 -24 16 24 -16 
-24 24 -16 -24 24 -16 -24 24 -16 -24 
-24 24 -16 -24 24 24 -16 -24 24 -16 
-24 24 -16 24 25 -16 -24 -24 -17 16 
-24 24 -16 24 25 -16 -24 20 -24 4 
-24 24 24 -24 16 -16 -24 16 24 -16 
-24 24 24 -16 -24 24 -16 -24 24 24 
-24 24 24 -16 -16 -16 24 24 -16 24 
-24 24 24 -16 -16 24 24 -16 -16 24 
-24 24 24 -16 -16 24 24 -16 24 -16 
-24 24 24 -16 -16 24 24 -16 24 24 
-24 24 24 -16 24 -16 -16 24 24 24 
-24 24 24 -16 24 -16 24 -16 24 -16 
-24 24 24 -16 24 -16 24 24 -16 24 
-17 4 -17 4 -17 4 -17 4 -17 4 
-17 4 -17 4 -4 -4 -4 -4 -4 -4 
-17 4 -2 18 -16 -24 16 24 24 -16 
-16 16 -24 16 -24 16 24 -16 16 16 
-16 16 -24 16 24 -24 16 24 16 24 
-16 16 -24 16 24 -24 24 -24 -16 16 
-16 16 -24 16 24 -16 -24 16 24 -16 
-16 16 -24 16 24 -16 -16 16 -24 16 
-16 16 -24 24 -16 -16 16 -16 16 24 
-16 16 -16 16 -24 16 -24 16 -16 16 
-16 16 -16 16 -16 16 -16 16 -24 16 
-16 16 -16 16 -16 16 -16 16 -16 16 
-16 16 -16 16 24 25 -16 -24 16 -17 
-16 16 24 25 -16 -16 16 -17 16 -20 
-16 24 -16 24 -16 24 -16 24 -16 24 
-16 24 -16 24 24 -16 24 -16 24 -16 
-16 24 24 -16 -16 24 -16 24 -16 24 
-2 18 -24 -24 -16 16 -24 16 24 -16 
-2 18 -24 -16 16 -24 16 16 24 24 
-2 18 -24 -16 16 -24 16 24 -24 16 
-2 18 -24 16 -16 16 24 -24 -24 -24 
-2 18 -24 16 -16 16 24 -24 24 -24 
-2 18 -24 16 -16 16 24 -16 -24 -24 
-2 18 -24 16 -16 16 24 -16 -24 24 
-2 18 -24 16 16 24 24 -25 17 -25 
-2 18 -24 16 16 24 24 -25 17 -16 
-2 18 -24 16 16 24 24 -25 17 17 
-2 18 -24 16 16 24 24 -24 -17 17 
-2 18 -24 16 16 24 24 -24 16 -24 
-2 18 -24 16 16 24 24 -24 16 24 
-2 18 -24 16 16 24 24 -24 24 24 
-2 18 -24 16 16 24 24 -17 16 -24 
-2 18 -24 16 16 24 24 -16 -25 17 
-2 18 -24 16 16 24 24 -16 -24 -17 
-2 18 -24 16 16 24 24 -16 -24 17 
-2 18 -24 16 16 24 24 -16 -24 24 
-2 18 -24 16 16 24 24 -16 -17 16 
-2 18 -24 16 16 24 24 -16 -16 -25 
-2 18 -24 16 16 24 24 -16 -16 -24 
-2 18 -24 16 16 24 24 -16 -16 -17 
-2 18 -24 16 16 24 24 -16 -16 -16 
-2 18 -24 16 16 24 24 -16 -16 16 
-2 18 -24 16 16 24 24 -16 -16 24 
-2 18 -24 16 16 24 24 -16 16 -16 
-2 18 -24 16 16 24 24 -16 16 16 
-2 18 -24 16 16 24 24 -16 16 24 
-2 18 -24 16 16 24 24 -16 24 -24 
-2 18 -24 16 16 24 24 -16 24 -17 
-2 18 -24 16 16 24 24 -16 24 -16 
-2 18 -24 16 16 24 24 24 -25 17 
-2 18 -24 16 16 24 24 24 -24 24 
-2 18 -24 16 16 24 24 24 -17 16 
-2 18 -24 16 16 24 24 24 -16 -25 
-2 18 -24 16 16 24 24 24 -16 -17 
-2 18 -24 16 16 24 24 24 -16 -16 
-2 18 -24 16 16 24 24 24 -16 16 
-2 18 -24 16 16 24 24 24 -16 24 
-2 18 -24 16 16 24 24 24 16 -16 
-2 18 -24 16 24 -24 -24 16 24 -24 
-2 18 -24 16 24 -24 16 -16 -24 16 
-2 18 -24 16 24 -24 24 -24 24 24 
-2 18 -24 16 24 -24 24 -16 16 -24 
-2 18 -24 16 24 -16 -24 -24 -24 -24 
-2 18 -24 16 24 -16 -24 -24 -24 16 
-2 18 -24 16 24 -16 -24 -24 16 -24 
-2 18 -24 16 24 -16 -24 -24 16 24 
-2 18 -24 16 24 -16 -24 16 -24 16 
-2 18 -24 16 24 -16 -24 24 -24 16 
-2 18 -24 16 24 -16 -24 24 -16 -24 
-2 18 -24 16 24 -16 -24 24 24 25 
-2 18 -24 16 24 -16 24 -16 -24 -17 
-2 18 -24 16 24 24 -24 24 -24 24 
-2 18 -24 16 24 24 -16 -24 17 -16 
-2 18 -24 16 24 24 -16 -24 24 24 
-2 18 -24 16 24 24 -16 -16 -24 -17 
-2 18 -24 16 24 24 -16 -16 -16 -24 
-2 18 -24 16 24 24 -16 -16 -16 -16 
-2 18 -24 16 24 24 -16 24 -16 16 
-2 18 -16 -24 -24 16 16 24 -24 -24 
-2 18 -16 -24 -24 16 16 24 24 -16 
-2 18 -16 -24 -24 16 24 24 16 -16 
-2 18 -16 -24 -24 16 24 24 24 -16 
-2 18 -16 -24 -16 16 -24 16 16 24 
-2 18 -16 -24 -16 16 -24 16 24 -24 
-2 18 -16 -24 -16 16 -24 16 24 -16 
-2 18 -16 -24 -16 16 -16 16 -16 16 
-2 18 -16 -24 16 -24 16 -16 16 24 
-2 18 -16 -24 16 -24 16 16 24 24 
-2 18 -16 -24 16 -24 16 24 -24 -24 
-2 18 -16 -24 16 -24 16 24 -24 -16 
-2 18 -16 -24 16 -24 16 24 -24 24 
-2 18 -16 -24 16 -24 16 24 -16 -24 
-2 18 -16 -24 16 -24 16 24 24 -16 
-2 18 -16 -24 16 -17 16 24 24 17 
-2 18 -16 -24 16 -17 24 -20 -4 -4 
-2 18 -16 -24 16 -17 24 -4 -4 -4 
-2 18 -16 -24 16 -17 24 17 -20 -4 
-2 18 -16 -24 16 -17 24 24 17 -20 
-2 18 -16 -24 16 -17 24 24 17 -4 
-2 18 -16 -24 16 -16 16 -16 16 -16 
-2 18 -16 -24 16 -16 16 16 24 24 
-2 18 -16 -24 16 -16 16 24 -24 -24 
-2 18 -16 -24 16 -16 16 24 -24 16 
-2 18 -16 -24 16 -16 16 24 -24 24 
-2 18 -16 -24 16 -16 16 24 -17 -4 
-2 18 -16 -24 16 -16 16 24 -16 -24 
-2 18 -16 -24 16 -16 16 24 24 -16 
-2 18 -16 -24 16 16 16 24 -16 -16 
-2 18 -16 -24 16 16 24 -24 16 24 
-2 18 -16 -24 16 16 24 -17 24 17 
-2 18 -16 -24 16 16 24 -16 -16 -16 
-2 18 -16 -24 16 16 24 -16 -16 24 
-2 18 -16 -24 16 16 24 -16 24 -16 
-2 18 -16 -24 16 16 24 24 -24 -24 
-2 18 -16 -24 16 16 24 24 -24 -17 
-2 18 -16 -24 16 16 24 24 -24 -16 
-2 18 -16 -24 16 16 24 24 -24 16 
-2 18 -16 -24 16 16 24 24 -24 17 
-2 18 -16 -24 16 16 24 24 -24 24 
-2 18 -16 -24 16 16 24 24 -17 -20 
-2 18 -16 -24 16 16 24 24 -17 -16 
-2 18 -16 -24 16 16 24 24 -17 -4 
-2 18 -16 -24 16 16 24 24 -17 16 
-2 18 -16 -24 16 16 24 24 -17 17 
-2 18 -16 -24 16 16 24 24 -16 -24 
-2 18 -16 -24 16 16 24 24 -16 -20 
-2 18 -16 -24 16 16 24 24 -16 -17 
-2 18 -16 -24 16 16 24 24 -16 -16 
-2 18 -16 -24 16 16 24 24 -16 16 
-2 18 -16 -24 16 16 24 24 -16 24 
-2 18 -16 -24 16 16 24 24 24 -25 
-2 18 -16 -24 16 16 24 24 24 -24 
-2 18 -16 -24 16 16 24 24 24 -17 
-2 18 -16 -24 16 16 24 24 24 -16 
-2 18 -16 -24 16 16 24 24 24 16 
-2 18 -16 -24 16 17 17 17 17 17 
-2 18 -16 -24 16 24 -24 -24 -24 -24 
-2 18 -16 -24 16 24 -24 -24 -24 16 
-2 18 -16 -24 16 24 -24 -24 -24 24 
-2 18 -16 -24 16 24 -24 -24 -16 16 
-2 18 -16 -24 16 24 -24 -24 16 -24 
-2 18 -16 -24 16 24 -24 -24 16 -16 
-2 18 -16 -24 16 24 -24 -24 16 24 
-2 18 -16 -24 16 24 -24 -24 24 -24 
-2 18 -16 -24 16 24 -24 -24 24 -16 
-2 18 -16 -24 16 24 -24 -24 24 16 
-2 18 -16 -24 16 24 -24 -24 24 24 
-2 18 -16 -24 16 24 -24 -17 17 -16 
-2 18 -16 -24 16 24 -24 -17 24 17 
-2 18 -16 -24 16 24 -24 -16 16 -24 
-2 18 -16 -24 16 24 -24 -16 16 24 
-2 18 -16 -24 16 24 -24 16 -24 16 
-2 18 -16 -24 16 24 -24 16 -16 -24 
-2 18 -16 -24 16 24 -24 16 16 16 
-2 18 -16 -24 16 24 -24 16 24 -24 
-2 18 -16 -24 16 24 -24 16 24 -16 
-2 18 -16 -24 16 24 -24 17 -17 16 
-2 18 -16 -24 16 24 -24 24 -24 -24 
-2 18 -16 -24 16 24 -24 24 -24 16 
-2 18 -16 -24 16 24 -24 24 -24 24 
-2 18 -16 -24 16 24 -24 24 -17 24 
-2 18 -16 -24 16 24 -24 24 -16 -24 
-2 18 -16 -24 16 24 -24 24 -16 24 
-2 18 -16 -24 16 24 -24 24 24 -24 
-2 18 -16 -24 16 24 -24 24 24 -17 
-2 18 -16 -24 16 24 -24 24 24 -16 
-2 18 -16 -24 16 24 -24 24 24 24 
-2 18 -16 -24 16 24 -24 24 24 25 
-2 18 -16 -24 16 24 -17 -20 -4 -4 
-2 18 -16 -24 16 24 -17 -4 16 17 
-2 18 -16 -24 16 24 -17 17 -4 -4 
-2 18 -16 -24 16 24 -17 24 17 -4 
-2 18 -16 -24 16 24 -16 -24 -24 -24 
-2 18 -16 -24 16 24 -16 -24 -24 -16 
-2 18 -16 -24 16 24 -16 -24 -24 16 
-2 18 -16 -24 16 24 -16 -24 -24 24 
-2 18 -16 -24 16 24 -16 -24 -17 17 
-2 18 -16 -24 16 24 -16 -24 -17 24 
-2 18 -16 -24 16 24 -16 -24 -16 16 
-2 18 -16 -24 16 24 -16 -24 -16 24 
-2 18 -16 -24 16 24 -16 -24 16 -24 
-2 18 -16 -24 16 24 -16 -24 16 16 
-2 18 -16 -24 16 24 -16 -24 16 24 
-2 18 -16 -24 16 24 -16 -24 17 -17 
-2 18 -16 -24 16 24 -16 -24 24 -24 
-2 18 -16 -24 16 24 -16 -24 24 -16 
-2 18 -16 -24 16 24 -16 -24 24 24 
-2 18 -16 -24 16 24 -16 -20 -4 -4 
-2 18 -16 -24 16 24 -16 -17 24 17 
-2 18 -16 -24 16 24 -16 -16 -24 16 
-2 18 -16 -24 16 24 -16 -16 -24 24 
-2 18 -16 -24 16 24 -16 -16 -16 -24 
-2 18 -16 -24 16 24 -16 -16 -16 -16 
-2 18 -16 -24 16 24 -16 -16 -16 24 
-2 18 -16 -24 16 24 -16 -16 16 -24 
-2 18 -16 -24 16 24 -16 -16 16 -16 
-2 18 -16 -24 16 24 -16 -16 16 24 
-2 18 -16 -24 16 24 -16 -16 24 -24 
-2 18 -16 -24 16 24 -16 -16 24 -16 
-2 18 -16 -24 16 24 -16 -16 24 16 
-2 18 -16 -24 16 24 -16 -16 24 24 
-2 18 -16 -24 16 24 -16 16 -16 24 
-2 18 -16 -24 16 24 -16 16 16 -16 
-2 18 -16 -24 16 24 -16 16 16 24 
-2 18 -16 -24 16 24 -16 16 24 -16 
-2 18 -16 -24 16 24 -16 17 -16 -20 
-2 18 -16 -24 16 24 -16 24 -24 -24 
-2 18 -16 -24 16 24 -16 24 -24 -17 
-2 18 -16 -24 16 24 -16 24 -24 -16 
-2 18 -16 -24 16 24 -16 24 -24 16 
-2 18 -16 -24 16 24 -16 24 -16 -24 
-2 18 -16 -24 16 24 -16 24 -16 -20 
-2 18 -16 -24 16 24 -16 24 -16 -17 
-2 18 -16 -24 16 24 -16 24 -16 -16 
-2 18 -16 -24 16 24 -16 24 -16 16 
-2 18 -16 -24 16 24 -16 24 -16 24 
-2 18 -16 -24 16 24 -16 24 16 -16 
-2 18 -16 -24 16 24 -16 24 16 16 
-2 18 -16 -24 16 24 -16 24 24 -16 
-2 18 -16 -24 16 24 -16 24 24 16 
-2 18 -16 -24 16 24 -16 24 24 24 
-2 18 -16 -24 16 24 16 24 -16 -16 
-2 18 -16 -24 16 24 17 -16 -20 -4 
-2 18 -16 -24 16 24 17 -16 -20 -2 
-2 18 -16 -24 16 24 17 -16 -16 -20 
-2 18 -16 -24 16 24 24 -24 -24 -24 
-2 18 -16 -24 16 24 24 -24 -24 16 
-2 18 -16 -24 16 24 24 -24 -24 24 
-2 18 -16 -24 16 24 24 -24 -17 17 
-2 18 -16 -24 16 24 24 -24 16 -24 
-2 18 -16 -24 16 24 24 -24 16 -16 
-2 18 -16 -24 16 24 24 -24 24 -16 
-2 18 -16 -24 16 24 24 -24 24 24 
-2 18 -16 -24 16 24 24 -17 -4 16 
-2 18 -16 -24 16 24 24 -17 17 -20 
-2 18 -16 -24 16 24 24 -16 -24 -24 
-2 18 -16 -24 16 24 24 -16 -24 -17 
-2 18 -16 -24 16 24 24 -16 -24 -16 
-2 18 -16 -24 16 24 24 -16 -24 24 
-2 18 -16 -24 16 24 24 -16 -17 -20 
-2 18 -16 -24 16 24 24 -16 -16 -25 
-2 18 -16 -24 16 24 24 -16 -16 -24 
-2 18 -16 -24 16 24 24 -16 -16 -17 
-2 18 -16 -24 16 24 24 -16 -16 -16 
-2 18 -16 -24 16 24 24 -16 -16 16 
-2 18 -16 -24 16 24 24 -16 -16 24 
-2 18 -16 -24 16 24 24 -16 16 -16 
-2 18 -16 -24 16 24 24 -16 16 16 
-2 18 -16 -24 16 24 24 -16 24 -24 
-2 18 -16 -24 16 24 24 -16 24 -16 
-2 18 -16 -24 16 24 24 16 -16 -16 
-2 18 -16 -24 16 24 24 24 -16 -24 
-2 18 -16 -24 16 24 24 24 -16 -16 
-2 18 -16 -24 16 24 24 24 -16 16 
-2 18 -16 -24 16 24 24 24 16 -16 
-2 18 -16 -24 16 24 24 24 24 -16 
-2 18 -16 -20 -2 18 -16 -24 16 24 
-2 18 -16 -17 16 -25 16 24 17 -4 
-2 18 -16 -16 16 -24 16 -24 16 16 
-2 18 -16 -16 16 -24 16 -24 16 24 
-2 18 -16 -16 16 -24 16 -17 24 -4 
-2 18 -16 -16 16 -24 16 16 24 -16 
-2 18 -16 -16 16 -24 16 16 24 24 
-2 18 -16 -16 16 -24 16 24 -24 -24 
-2 18 -16 -16 16 -24 16 24 -24 -17 
-2 18 -16 -16 16 -24 16 24 -24 -16 
-2 18 -16 -16 16 -24 16 24 -24 16 
-2 18 -16 -16 16 -24 16 24 -24 17 
-2 18 -16 -16 16 -24 16 24 -24 24 
-2 18 -16 -16 16 -24 16 24 -17 -4 
-2 18 -16 -16 16 -24 16 24 -17 17 
-2 18 -16 -16 16 -24 16 24 -17 24 
-2 18 -16 -16 16 -24 16 24 -16 -24 
-2 18 -16 -16 16 -24 16 24 -16 -16 
-2 18 -16 -16 16 -24 16 24 -16 24 
-2 18 -16 -16 16 -24 16 24 24 -24 
-2 18 -16 -16 16 -24 16 24 24 -17 
-2 18 -16 -16 16 -24 16 24 24 -16 
-2 18 -16 -16 16 -24 16 24 24 24 
-2 18 -16 16 -24 16 24 -16 -24 -24 
-2 18 -16 16 -24 16 24 -16 -24 -17 
-2 18 -2 18 -24 16 16 24 24 -16 
-2 18 -2 18 -24 16 16 24 24 24 
-2 18 -2 18 -16 -24 16 -24 16 24 
-2 18 -2 18 -16 -24 16 -16 16 24 
-2 18 -2 18 -16 -24 16 16 24 24 
-2 18 -2 18 -16 -24 16 24 -24 -24 
-2 18 -2 18 -16 -24 16 24 -24 24 
-2 18 -2 18 -16 -24 16 24 -16 -24 
-2 18 -2 18 -16 -24 16 24 -16 -16 
-2 18 -2 18 -16 -24 16 24 -16 24 
-2 18 -2 18 -16 -24 16 24 24 -24 
-2 18 -2 18 -16 -24 16 24 24 -16 
-2 18 -2 18 -16 -24 16 24 24 24 
-2 18 -2 18 -16 -16 -24 16 16 24 
-2 18 -2 18 -16 -16 -24 16 24 -16 
-2 18 -2 18 -16 -16 16 -24 16 24 
-2 18 -2 18 -2 -16 -24 16 -16 16 
-2 18 -2 18 -2 -16 -16 -24 16 16 
-2 18 -2 18 -2 -2 -2 -2 -16 -16 
-2 18 -2 18 -2 -2 -2 18 -24 16 
-2 18 -2 18 -2 -2 -2 18 -2 -2 
-2 18 -2 18 -2 -2 18 -16 -16 -24 
-2 18 -2 18 -2 18 -16 -24 16 16 
-2 18 -2 18 -2 18 -16 -24 16 24 
-2 18 -2 18 -2 18 -2 18 -16 -24 
-2 18 -2 18 -2 18 -2 18 -16 -16 
-2 18 -2 18 -2 18 -2 18 -2 18 
-2 18 -2 18 18 -24 16 16 -24 16 
-2 18 -2 18 18 -24 16 16 -16 16 
-2 18 -2 18 18 -24 16 16 16 -16 
-2 18 -2 18 18 -16 -24 16 -16 16 
-2 18 -2 18 18 -16 -24 16 16 -16 
-2 18 -2 18 18 -16 -24 16 16 16 
-2 18 -2 18 18 -16 -24 16 24 -24 
-2 18 -2 18 18 -16 -24 16 24 24 
-2 18 -2 18 18 -16 -16 -24 16 24 
-2 18 -2 18 18 -2 18 -24 16 16 
-2 18 -2 18 18 -2 18 -16 -24 16 
-2 18 -2 18 18 -2 18 -16 -16 16 
-2 18 -2 18 18 -2 18 18 -16 -24 
-2 18 -2 18 18 -2 18 18 -2 18 
-2 18 -2 18 18 -2 18 18 18 18 
-2 18 -2 18 18 18 -16 -24 16 16 
-2 18 -2 18 18 18 -2 18 -16 -24 
-2 18 18 -24 16 -16 16 24 24 -16 
-2 18 18 -24 16 16 24 24 -16 -24 
-2 18 18 -24 16 16 24 24 -16 -16 
-2 18 18 -24 16 24 24 -24 -24 16 
-2 18 18 -16 -24 16 -24 16 -24 16 
-2 18 18 -16 -24 16 16 24 24 -24 
-2 18 18 -16 -24 16 16 24 24 -16 
-2 18 18 -16 -24 16 16 24 24 24 
-2 18 18 -16 -24 16 24 -16 -24 -24 
-2 18 18 -16 -24 16 24 -16 -24 24 
-2 18 18 -16 -24 16 24 -16 -16 -24 
-2 18 18 -16 -24 16 24 -16 -16 -16 
-2 18 18 -16 -24 16 24 -16 -16 24 
-2 18 18 -16 -24 16 24 -16 24 -16 
-2 18 18 -16 -24 16 24 -16 24 24 
-2 18 18 -16 -24 16 24 24 -16 -24 
-2 18 18 -16 -24 16 24 24 -16 -16 
-2 18 18 -2 18 -24 16 16 -16 -16 
-2 18 18 -2 18 -24 16 16 -16 16 
-2 18 18 -2 18 -24 16 16 16 -16 
-2 18 18 -2 18 -16 -24 16 -16 16 
-2 18 18 -2 18 -16 -24 16 -16 24 
-2 18 18 -2 18 -16 -24 16 16 -16 
-2 18 18 -2 18 -16 -24 16 16 16 
-2 18 18 -2 18 -16 -24 16 24 -16 
-2 18 18 -2 18 -16 -24 16 24 24 
-2 18 18 -2 18 -16 -16 -24 16 16 
-2 18 18 -2 18 -16 -16 -17 16 -24 
-2 18 18 -2 18 -16 -16 16 -24 16 
-2 18 18 -2 18 -2 -16 -24 16 16 
-2 18 18 -2 18 -2 18 -16 -24 16 
-2 18 18 -2 18 -2 18 -2 18 -16 
-2 18 18 -2 18 18 -24 16 16 -16 
-2 18 18 -2 18 18 -16 -24 16 16 
-2 18 18 -2 18 18 -2 18 -16 -24 
-2 18 18 18 -24 16 16 -16 16 16 
-2 18 18 18 -17 16 -16 16 -24 16 
-2 18 18 18 -16 -24 16 16 -16 16 
-2 18 18 18 -16 -24 16 16 16 -17 
-2 18 18 18 -16 -24 16 24 -16 -16 
-2 18 18 18 -2 18 -16 -24 16 16 
-2 18 18 18 -2 18 18 -2 18 18 
-2 18 18 18 18 -16 -24 16 16 -16 
-2 18 18 18 18 -16 -24 16 24 -16 
-2 18 18 18 18 -2 18 18 -2 18 
-2 18 18 18 18 18 -17 16 -16 16 
-2 18 18 18 18 18 -2 18 18 -2 
-2 18 18 18 18 18 18 -2 18 -16 
-2 18 18 18 18 18 18 -2 18 18 
-2 20 -2 18 -16 -24 16 24 -16 24 
-2 20 -2 20 -2 20 -2 20 -2 20 
16 -24 16 24 -16 24 -16 -24 16 16 
16 -16 16 -16 16 -16 16 -16 16 -16 
16 -16 16 -16 16 16 16 16 -16 16 
16 16 16 16 16 -16 24 -16 -16 -16 
16 24 -24 16 -24 16 24 -24 16 -24 
16 24 -16 -24 16 24 -16 -24 24 -16 
18 -16 -24 16 16 24 24 -16 -16 -16 
18 -16 -24 16 24 -16 24 -16 -24 -24 
18 -16 -24 16 24 -16 24 -16 -24 -17 
24 -24 16 -24 16 24 -24 16 -24 16 
24 -24 16 24 -24 16 17 -17 16 -16 
24 -16 -24 16 24 -16 -24 16 24 24 
24 -16 -24 24 -16 -24 16 24 -16 -24 
24 -16 -24 24 -16 -24 24 -16 -24 24 
24 -16 -24 24 -16 -24 24 24 -16 -24 
24 -16 -24 24 -16 -16 16 -24 -16 16 
24 -16 -16 16 -16 16 -16 16 -16 16 
24 -16 24 -16 24 -16 24 -16 24 -16 
24 -16 24 -16 24 -16 24 -16 24 24 
24 -16 24 -16 24 -16 24 24 -16 -16 
24 -16 24 -16 24 -16 24 24 24 24 
24 -16 24 -16 24 24 -16 -16 24 -16 
24 -16 24 24 -16 -16 24 -16 24 -16 
24 -16 24 24 -16 24 -16 24 -16 24 
24 24 -16 -16 24 -16 24 -16 24 -16 
24 24 -16 -16 24 24 -16 24 -16 24 
24 24 24 -16 24 -16 24 -16 24 -16 
24 25 25 -16 -16 -24 16 -24 16 20 
